0.1531 0.036095 0.16091 0.081553 0.0369 0.16864 0.16975 0.017557 0.16757 0.0079265
0.23116 0.0099125 0.0020763 0.05483 0.19827 0.028146 0.023427 0.073409 0.15725 0.22152
0.0026556 0.097717 0.17168 0.1921 0.03028 0.15473 0.13777 0.01074 0.027488 0.17484
0.082242 0.03273 0.16732 0.069849 0.10666 0.13924 0.13144 0.10993 0.13483 0.025765
0.029667 0.17525 0.17628 0.1516 0.002271 0.10505 0.083766 0.13584 0.067714 0.072557
0.13885 0.10977 0.058512 0.066787 0.047964 0.12816 0.091567 0.072734 0.25476 0.030902
0.018594 0.17473 0.16818 0.16059 0.088747 0.10386 0.086982 0.041218 0.05246 0.10463
0.0071184 0.13129 0.11638 0.034129 0.15195 0.077316 0.12164 0.060055 0.12802 0.1721
0.19441 0.12101 0.02194 0.15815 0.029384 0.015882 0.19991 0.094419 0.11149 0.053409
0.20057 0.11153 0.055359 0.0065419 0.15116 0.059988 0.01839 0.15222 0.039886 0.20435
0.059443 0.11618 0.1258 0.10579 0.11382 0.092449 0.13138 0.083976 0.11355 0.057612
0.16427 0.0012823 0.2054 0.14455 0.0087953 0.16149 0.15064 0.097538 0.012866 0.053171
0.012539 0.14441 0.019239 0.069465 0.090217 0.17177 0.16834 0.1671 0.034037 0.12288
