0.012913 0.075997 0.073629 0.069096 0.078584 0.053558 0.023669 0.14891 0.14383 0.042945 0.012701 0.14646 0.11771
0.038507 0.048038 0.0030765 0.080281 0.11345 0.081454 0.028443 0.13688 0.11859 0.12175 0.05057 0.11682 0.062135
0.10911 0.097746 0.10166 0.071071 0.079599 0.059773 0.12011 0.013576 0.11054 0.093263 0.10426 0.032626 0.0066661
0.10466 0.071841 0.033532 0.15415 0.12881 0.15069 0.0029767 0.033474 0.13962 0.083803 0.040156 0.039859 0.016433
0.063818 0.097734 0.022717 0.01732 0.087846 0.072903 0.13152 0.10254 0.016137 0.09747 0.10865 0.071741 0.10961
0.077036 0.0861 0.032512 0.053729 0.13057 0.040695 0.0045996 0.0088562 0.091129 0.16906 0.11721 0.071138 0.11737
0.13605 0.12817 0.12154 0.00037301 0.15114 0.12471 0.1707 0.01253 0.029677 0.030606 0.004596 0.084217 0.0056839
0.084583 0.12127 0.02765 0.12302 0.081095 0.019225 0.038493 0.063267 0.1075 0.031638 0.10164 0.12856 0.072055
0.079543 0.062555 0.036052 0.092673 0.02184 0.07959 0.0635 0.10278 0.11223 0.077511 0.11157 0.073103 0.08705
0.019694 0.11045 0.093973 0.09189 0.07012 0.077541 0.10547 0.12195 0.020729 0.098899 0.060213 0.11557 0.013504
0.073753 0.037219 0.085485 0.023687 0.027901 0.039114 0.15291 0.00074928 0.15075 0.14557 0.14226 0.083658 0.036955
0.076259 0.13184 0.13731 0.052741 0.1368 0.027513 0.028537 0.081924 0.05856 0.060109 0.019832 0.066122 0.12245
0.081556 0.017968 0.012571 0.032885 0.016806 0.036147 0.14357 0.18716 0.083128 0.025096 0.16509 0.16789 0.03013
